Test matrix size	Serial Time	 GPU Time	GPU Speedup	Error
2000 x 4096	        0.014071	  0.000646	 21.788923	0.000000e+00
4000 x 4096	        0.042280	  0.000856	 49.413710	0.000000e+00
8000 x 4096	        0.100171	  0.001471	 68.092268	0.000000e+00
16000 x 4096	        0.212507	  0.002685	 79.151396	0.000000e+00
32000 x 4096	        0.437092	  0.005078	 86.069535	0.000000e+00
64000 x 4096	        0.886525	  0.009679	 91.588359	0.000000e+00
128000 x 4096	        1.846815	  0.017585	105.024500	1.048194e+03
256000 x 4096	        3.810265	  0.017585	216.681839	1.048194e+03
512000 x 4096	        7.764942	  0.017585	441.576058	1.048056e+03
